-21 1.8571428571428572
-17 0.9904761904761905
-14 1.4857142857142858
-16 0.5261904761904762
-19 1.0214285714285714
-16 0.37142857142857144
-21 1.0833333333333333
-16 0.49523809523809526
-21 0.4642857142857143
-16 0.43333333333333335
-12 0.8666666666666667
-21 0.4023809523809524
-16 0.4642857142857143
-16 0.06190476190476191
-21 1.9190476190476191
-16 0.43333333333333335
-21 0.4023809523809524
-16 0.43333333333333335
-14 0.37142857142857144
-12 0.43333333333333335
-14 0.4023809523809524
-16 0.37142857142857144
-21 0.43333333333333335
-24 0.7738095238095238
-22 1.1142857142857143
-23 0.8666666666666667
-19 0.9595238095238096
-12 0.8976190476190476
-9 0.5571428571428572
-12 3.7452380952380953
-16 0.5880952380952381
-21 0.5261904761904762
-16 0.5880952380952381
-14 0.5571428571428572
-12 0.5880952380952381
-14 0.6190476190476191
-16 0.6190476190476191
-21 1.0214285714285714
-24 0.6190476190476191
-22 1.5785714285714285
-23 1.1761904761904762
-17 0.6190476190476191
-19 0.65
-23 0.37142857142857144
-19 1.207142857142857
-14 0.49523809523809526
-12 0.7428571428571429
-9 0.4553968253968254
-12 2.732698412698413
-1 2.1976417233560093
